local module = loadstring(game:HttpGet"https://raw.githubusercontent.com/LeoKholYt/roblox/main/lk_serverhop.lua")()
local   a  =game.Players.LocalPlayer.Character.HumanoidRootPart
local queueteleport = syn and syn.queue_on_teleport or queue_on_teleport or fluxus and fluxus.queue_on_teleport -- thanks to future script for this because i forgot the queue on teleport shit for exploits
function lmap()
    spawn(function()
    end)
    a.CFrame = CFrame.new(401.796692, 972.839355, -118.250908, 0.998636305, -0, -0.0522070117, 0, 1, -0, 0.0522070117, 0, 0.998636305)
wait(.4)
a.CFrame = CFrame.new(415.365814, 992.944275, -802.936096, -0.901682138, 0.00182232761, -0.432395965, -0.00300073856, 0.999940693, 0.0104717249, 0.432389408, 0.0107396739, -0.901623249)
wait(.4)
a.CFrame = CFrame.new(-19.6721191, 973.965942, 18.7038574, 0, 0, 1, 0, 1, -0, -1, 0, 0)
wait(.5)
a.CFrame = CFrame.new(398.131317, 987.245239, -830.644531, -0.967645586, -0.195180923, 0.159895062, -0.106471419, 0.890398562, 0.442554176, -0.228748471, 0.411211312, -0.882371485)
wait(.4)
a.CFrame = CFrame.new(-490.100006, 985.06897, -195.139008, 0, 0, -1, 0, 1, 0, 1, 0, 0)
wait(.4)
a.CFrame = CFrame.new(-278.414368, 973.002808, 92.5214539, 0.357301712, -0, -0.933989048, 0, 1, -0, 0.933989048, 0, 0.357301712)

end 
rconsoleprint("Loading AUT TEST")
lmap()
wait(5)
rconsoleprint("done")

wait(1)
State = true 
state = State 
while state do task.wait()
    for i,v in pairs(game.Workspace:GetDescendants()) do 
        if v.Name == "Dragon Ball" then 
        a.CFrame = v.CFrame
        rconsoleprint("DB found")
        elseif v.Name == "Cursed Orb" then 
            rconsoleprint("C ORB found")
            a.CFrame = v.CFrame 
        elseif v.Name == "Chest" then 
            rconsoleprint("Chest Found")
            a.CFrame = v.CFrame 
            
        end 
        end 
    end 


wait(60)

module:Teleport(game.PlaceId)


task.wait()


local ls = [[
repeat wait until game:IsLoaded()
        loadstring(game:HttpGet("", true))() 
]]
queueteleport(ls)
